 173 179 175 176 177 178 176 175 175 175 173 173 173 171 172 164
 176 178 177 179 179 178 177 178 176 178 178 177 177 176 173 166
 175 179 180 177 179 179 179 178 178 176 178 177 175 175 177 153
 176 178 178 179 180 180 180 180 181 178 181 177 179 178 174 146
 177 177 180 181 181 180 180 180 181 179 180 176 177 176 176 148
 177 179 179 182 181 183 183 179 183 179 177 178 176 177 179 157
 180 182 183 179 180 182 181 179 180 176 178 177 177 177 177 168
 179 180 183 179 182 181 181 174 171 170 178 171 174 176 177 169
 179 180 181 181 182 184 181 166  82  80  80  95 175 180 178 176
 181 180 183 181 183 184 180 168  77  76  73  81 177 178 178 178
 181 181 183 182 179 181 182 168  76  72  69  82 178 177 175 176
 179 181 184 179 176 179 178 159  83  81  87  90 176 178 176 182
 175 181 182 176  87  87  80  98 166 173 178 174 181 179 177 179
 177 177 177 185  73  65  68  96 176 176 178 179 180 176 177 181
 175 178 177 182  66  64  62  94 176 177 179 180 175 176 174 175
 174 178 179 182  61  71  63  93 173 174 175 176 170 172 173 171
 195 197 199 198 199 198 198 198 197 196 196 196 195 194 194 192
 198 199 199 200 200 199 198 199 199 198 197 196 195 194 192 192
 199 199 199 200 201 199 199 200 199 199 198 196 198 197 194 179
 199 199 198 200 201 202 200 201 201 201 200 198 198 198 197 172
 199 201 201 200 201 201 202 201 201 201 200 199 196 197 196 170
 199 200 201 202 201 201 202 202 201 201 200 200 198 198 196 189
 200 201 203 202 202 202 202 201 201 200 200 200 198 199 197 200
 200 202 200 202 203 202 201 193 171 163 174 164 202 199 198 205
 202 202 201 203 204 202 203 169  47  49  46  60 206 198 199 209
 203 203 203 203 203 203 203 173  40  41  44  45 209 200 198 207
 202 203 203 202 203 203 203 177  44  43  42  49 206 200 198 208
 204 204 203 199 198 198 194 155  56  61  71  75 203 201 199 212
 202 203 201 181  45  49  45  80 194 200 205 203 200 201 199 209
 200 200 200 198  26  30  33  89 199 201 202 202 199 201 199 209
 204 202 201 206  24  28  32  82 198 200 203 201 199 200 199 202
 205 204 205 213  24  31  32  80 201 203 205 205 201 202 199 198
 183 185 185 183 184 186 184 184 183 183 182 182 181 181 181 180
 185 184 183 184 185 184 185 185 185 183 185 182 183 183 183 179
 184 184 184 185 185 184 186 184 183 184 184 183 184 183 183 171
 184 184 184 184 185 187 186 185 184 183 186 185 185 184 183 168
 183 185 185 186 186 187 186 185 184 187 182 185 184 186 183 168
 185 186 186 186 187 189 189 187 186 187 185 185 184 183 186 180
 184 187 190 186 188 188 187 188 187 187 186 184 184 185 185 184
 185 187 187 187 189 187 186 178 156 150 159 151 185 186 185 187
 186 186 185 189 189 188 187 155  50  53  52  66 189 186 185 191
 188 186 188 187 188 190 188 158  47  49  49  56 191 184 187 188
 188 188 189 188 188 188 188 160  49  49  46  61 188 185 185 188
 187 186 189 183 181 181 177 140  57  64  71  78 186 187 186 189
 187 187 186 162  53  55  49  84 176 181 187 186 187 188 187 187
 186 184 183 176  41  41  43  96 186 186 188 187 186 186 188 188
 186 184 186 181  34  39  40  87 182 186 187 187 185 186 186 186
 185 188 189 187  30  42  40  86 182 186 189 188 185 185 186 184

 164 166 153 146 148 157 168 169 176 178 176 182 179 181 175 171
 172 173 177 174 176 179 177 177 178 178 175 176 177 177 174 173
 171 176 175 178 176 177 177 176 180 178 177 178 179 176 176 172
 173 177 175 179 177 176 177 174 175 177 178 176 181 180 175 170
 173 177 177 177 176 178 177 171  95  81  82  90 174 179 180 176
 173 178 178 181 180 177 178 178  80  73  69  87 178 178 179 175
 175 178 176 178 179 179 176 170  80  76  72  81 173 176 177 174
 175 176 178 181 181 183 180 171  82  77  76  83 166 176 176 173
 175 178 178 180 180 179 179 174 166 168 168 159  98  96  94  93
 176 177 179 180 180 183 181 181 181 180 182 178  80  68  62  63
 178 178 179 180 180 183 182 181 184 184 181 179  87  65  64  71
 177 179 179 180 181 181 180 182 182 183 179 176  87  73  66  61
 176 179 177 179 181 182 179 179 181 181 182 179 176 185 182 182
 175 177 180 178 180 179 183 183 181 183 183 184 182 177 177 179
 179 178 179 178 177 179 182 180 180 180 181 181 181 177 178 178
 173 176 175 176 177 177 180 179 179 181 181 179 175 177 175 174
 192 192 179 172 170 189 200 205 209 207 208 212 209 209 202 198
 194 192 194 197 196 196 197 198 199 198 198 199 199 199 199 199
 194 194 197 198 197 198 199 199 198 200 200 201 201 201 200 202
 195 195 198 198 196 198 198 202 206 209 206 203 200 199 199 201
 196 196 196 198 199 200 200 164  60  45  49  75 203 202 201 205
 196 197 198 200 200 200 200 174  46  44  42  71 205 202 203 205
 196 198 199 201 201 201 200 163  49  41  43  61 200 201 200 203
 197 199 199 201 201 201 201 171  47  40  44  56 194 199 198 201
 198 199 200 201 201 202 201 193 169 173 177 155  80  89  82  80
 198 198 199 200 202 202 202 201 203 203 203 194  45  33  32  32
 198 199 199 202 201 201 202 202 202 203 203 198  49  30  28  31
 199 200 201 201 201 201 202 203 204 203 203 198  45  26  24  24
 198 200 200 200 200 202 202 202 203 203 202 199 181 198 206 213
 199 199 199 198 201 201 203 200 201 203 203 203 201 200 201 205
 197 199 199 199 201 200 201 202 202 203 203 204 203 200 202 204
 195 198 199 199 199 199 200 200 202 203 202 204 202 200 204 205
 180 179 171 168 168 180 184 187 191 188 188 189 187 188 186 184
 181 183 183 183 183 186 185 185 185 187 185 186 187 188 186 186
 181 183 183 184 186 183 185 186 186 184 185 187 188 186 186 185
 181 183 184 185 184 184 184 185 189 191 188 186 187 186 185 185
 182 182 183 185 185 185 184 151  66  56  61  78 186 187 187 188
 182 185 184 186 182 185 186 159  52  49  46  71 187 188 187 189
 183 183 184 183 187 187 187 150  53  49  49  64 181 186 186 186
 183 185 183 184 184 186 187 156  50  47  49  57 176 186 182 182
 184 185 184 185 185 187 188 178 155 158 160 140  84  96  87  86
 184 185 186 186 186 189 187 186 187 188 188 177  49  43  40  40
 186 184 184 187 187 189 188 187 188 190 188 181  55  41  39  42
 184 185 185 185 186 187 188 189 189 188 188 181  53  41  34  30
 183 184 185 184 186 186 186 187 189 187 188 183 162 176 181 187
 185 183 184 184 185 186 190 187 185 188 189 189 186 183 186 189
 185 184 184 184 185 186 187 187 186 186 188 186 187 184 184 188
 183 185 184 184 183 185 184 185 186 188 188 187 187 186 186 185

 171 173 172 170 176 175 174 173  93  63  71  61 182 179 178 174
 175 174 176 175 180 179 177 176  94  62  64  66 182 177 178 175
 181 177 176 180 179 178 176 176  96  68  65  73 185 177 177 177
 179 177 179 181 174 178 173 166  98  80  87  87 176 182 181 175
 182 176 178 176  90  87  81  83 159 178 179 176 179 184 181 179
 176 175 177 178  82  69  72  76 168 182 181 179 182 183 181 181
 178 178 178 177  81  73  76  77 168 180 184 183 181 183 180 181
 176 178 180 175  95  80  80  82 166 181 184 182 181 181 180 179
 169 177 176 174 171 178 170 171 174 181 181 182 179 183 180 179
 168 177 177 177 177 178 176 180 179 181 182 180 179 183 182 180
 157 179 177 176 178 177 179 183 179 183 183 181 182 179 179 177
 148 176 176 177 176 180 179 181 180 180 180 181 181 180 177 177
 146 174 178 179 177 181 178 181 180 180 180 180 179 178 178 176
 153 177 175 175 177 178 176 178 178 179 179 179 177 180 179 175
 166 173 176 177 177 178 178 176 178 177 178 179 179 177 178 176
 164 172 171 173 173 173 175 175 175 176 178 177 176 175 179 173
 198 199 202 201 205 205 203 201  80  32  31  24 213 205 204 205
 202 199 200 199 201 203 200 198  82  32  28  24 206 201 202 204
 209 199 201 199 202 202 201 199  89  33  30  26 198 200 200 200
 209 199 201 200 203 205 200 194  80  45  49  45 181 201 203 202
 212 199 201 203  75  71  61  56 155 194 198 198 199 203 204 204
 208 198 200 206  49  42  43  44 177 203 203 203 202 203 203 202
 207 198 200 209  45  44  41  40 173 203 203 203 203 203 203 203
 209 199 198 206  60  46  49  47 169 203 202 204 203 201 202 202
 205 198 199 202 164 174 163 171 193 201 202 203 202 200 202 200
 200 197 199 198 200 200 200 201 201 202 202 202 202 203 201 200
 189 196 198 198 200 200 201 201 202 202 201 201 202 201 200 199
 170 196 197 196 199 200 201 201 201 202 201 201 200 201 201 199
 172 197 198 198 198 200 201 201 201 200 202 201 200 198 199 199
 179 194 197 198 196 198 199 199 200 199 199 201 200 199 199 199
 192 192 194 195 196 197 198 199 199 198 199 200 200 199 199 198
 192 194 194 195 196 196 196 197 198 198 198 199 198 199 197 195
 184 186 185 185 188 189 186 182  86  40  42  30 187 189 188 185
 186 186 186 185 187 187 186 182  87  40  39  34 181 186 184 186
 188 188 186 186 187 188 186 186  96  43  41  41 176 183 184 186
 187 187 188 187 186 187 181 176  84  49  55  53 162 186 187 187
 189 186 187 186  78  71  64  57 140 177 181 181 183 189 186 187
 188 185 185 188  61  46  49  49 160 188 188 188 188 189 188 188
 188 187 184 191  56  49  49  47 158 188 190 188 187 188 186 188
 191 185 186 189  66  52  53  50 155 187 188 189 189 185 186 186
 187 185 186 185 151 159 150 156 178 186 187 189 187 187 187 185
 184 185 185 184 184 186 187 187 188 187 188 188 186 190 187 184
 180 186 183 184 185 185 187 186 187 189 189 187 186 186 186 185
 168 183 186 184 185 182 187 184 185 186 187 186 186 185 185 183
 168 183 184 185 185 186 183 184 185 186 187 185 184 184 184 184
 171 183 183 184 183 184 184 183 184 186 184 185 185 184 184 184
 179 183 183 183 182 185 183 185 185 185 184 185 184 183 184 185
 180 181 181 181 182 182 183 183 184 184 186 184 183 185 185 183

 174 175 177 175 179 181 181 179 179 180 177 177 176 175 176 173
 178 178 177 181 181 181 180 180 180 182 179 177 178 179 178 179
 179 177 177 182 184 183 183 181 183 183 179 180 178 180 177 175
 182 182 185 176 179 182 181 181 179 179 182 181 179 177 179 176
  61  66  73  87 176 179 183 182 182 180 181 181 180 179 179 177
  71  64  65  87 179 181 184 184 181 182 183 180 180 179 178 178
  63  62  68  80 178 182 180 181 181 181 183 180 180 179 177 176
  93  94  96  98 159 168 168 166 174 179 179 180 180 178 178 175
 173 176 176 166  83  76  77  82 171 180 183 181 181 178 176 175
 174 177 176 173  81  72  76  80 170 176 179 179 178 176 178 175
 175 179 178 178  87  69  73  80 178 178 177 180 181 178 178 173
 176 180 179 174  90  82  81  95 171 177 178 176 177 177 177 173
 170 175 180 181 176 178 177 175 174 177 176 177 179 175 177 173
 172 176 176 179 178 177 178 180 176 177 177 176 178 175 176 171
 173 174 177 177 176 175 178 178 177 177 179 176 174 177 173 172
 171 175 181 179 182 176 178 176 169 168 157 148 146 153 166 164
 205 204 200 202 204 202 203 202 200 200 199 199 199 199 198 195
 204 202 200 203 204 203 203 202 202 201 200 201 199 199 199 197
 205 201 200 201 203 203 203 201 200 203 201 201 198 199 199 199
 213 206 198 181 199 202 203 203 202 202 202 200 200 200 200 198
  24  24  26  45 198 203 203 204 203 202 201 201 201 201 200 199
  31  28  30  49 198 203 203 202 202 202 201 201 202 199 199 198
  32  32  33  45 194 203 203 203 201 202 202 202 200 199 198 198
  80  82  89  80 155 177 173 169 193 201 202 201 201 200 199 198
 201 198 199 194  56  44  40  47 171 201 201 201 201 199 199 197
 203 200 201 200  61  43  41  49 163 200 201 201 201 199 198 196
 205 203 202 205  71  42  44  46 174 200 200 200 200 198 197 196
 205 201 202 203  75  49  45  60 164 200 200 199 198 196 196 196
 201 199 199 200 203 206 209 206 202 198 198 196 198 198 195 195
 202 200 201 201 201 200 200 198 199 199 198 197 198 197 194 194
 199 199 199 199 199 198 198 199 198 197 196 196 197 194 192 194
 198 202 209 209 212 208 207 209 205 200 189 170 172 179 192 192
 185 186 186 187 187 188 188 186 185 184 185 183 184 184 185 183
 188 184 184 187 186 188 186 186 187 187 186 185 184 184 184 185
 189 186 183 186 189 189 188 185 187 190 186 185 184 184 183 185
 187 181 176 162 183 188 187 189 187 186 186 186 184 185 184 183
  30  34  41  53 181 188 188 189 189 188 187 186 185 185 185 184
  42  39  41  55 181 188 190 188 187 188 189 187 187 184 184 186
  40  40  43  49 177 188 188 187 186 187 189 186 186 186 185 184
  86  87  96  84 140 160 158 155 178 188 187 185 185 184 185 184
 182 182 186 176  57  49  47  50 156 187 186 184 184 183 185 183
 186 186 186 181  64  49  49  53 150 187 187 187 183 184 183 183
 189 187 188 187  71  46  49  52 159 186 185 182 186 184 185 182
 188 187 187 186  78  61  56  66 151 184 185 185 185 183 182 182
 185 185 186 187 186 188 191 189 185 184 184 184 185 184 183 181
 185 186 186 188 187 185 184 186 186 185 183 186 184 183 183 181
 186 186 188 187 186 185 187 185 185 185 186 183 183 183 183 181
 184 186 188 187 189 188 188 191 187 184 180 168 168 171 179 180

